
[Renderer] debug particle render failed: 'in_size'
[ParticleEngine] updated first 5 positions: [[0.00045571604277938604, 0.379867285490036, 0.021333124488592148], [-0.005707270931452513, 0.3829594552516937, 0.020755700767040253], [-0.0006049859221093357, 0.38195258378982544, 0.014409272000193596], [0.001198401558212936, 0.37969473004341125, 0.026048071682453156], [-0.009066643193364143, 0.3821246325969696, 0.015886107459664345]]
[ParticleEngine] interleaved (first 5): [[0.00045571604277938604, 0.379867285490036, 0.021333124488592148, 3.037750005722046, 0.6925769448280334], [-0.005707270931452513, 0.3829594552516937, 0.020755700767040253, 2.925830841064453, 0.6285372376441956], [-0.0006049859221093357, 0.38195258378982544, 0.014409272000193596, 3.119600534439087, 0.6595601439476013], [0.001198401558212936, 0.37969473004341125, 0.026048071682453156, 3.0851683616638184, 0.6868792772293091], [-0.009066643193364143, 0.3821246325969696, 0.015886107459664345, 2.977710723876953, 0.6502577066421509]]
[Renderer] packed.nbytes: 960000 shape: (48000, 5) dtype: float32
[Renderer] packed first 5: [[0.00045571604277938604, 0.379867285490036, 0.021333124488592148, 3.037750005722046, 0.6925769448280334], [-0.005707270931452513, 0.3829594552516937, 0.020755700767040253, 2.925830841064453, 0.6285372376441956], [-0.0006049859221093357, 0.38195258378982544, 0.014409272000193596, 3.119600534439087, 0.6595601439476013], [0.001198401558212936, 0.37969473004341125, 0.026048071682453156, 3.0851683616638184, 0.6868792772293091], [-0.009066643193364143, 0.3821246325969696, 0.015886107459664345, 2.977710723876953, 0.6502577066421509]]
[Renderer] debug particle render failed: 'in_size'
[ParticleEngine] updated first 5 positions: [[0.00025022492627613246, 0.3795439302921295, 0.025878801941871643], [-0.005543108563870192, 0.38277459144592285, 0.02426099218428135], [-0.00037576397880911827, 0.38190338015556335, 0.018528740853071213], [0.0006276813219301403, 0.3793146014213562, 0.030551668256521225], [-0.00858297385275364, 0.3821144998073578, 0.018789367750287056]]
[ParticleEngine] interleaved (first 5): [[0.00025022492627613246, 0.3795439302921295, 0.025878801941871643, 3.031532049179077, 0.7058684229850769], [-0.005543108563870192, 0.38277459144592285, 0.02426099218428135, 2.911830425262451, 0.6221247911453247], [-0.00037576397880911827, 0.38190338015556335, 0.018528740853071213, 3.090472936630249, 0.6500474214553833], [0.0006276813219301403, 0.3793146014213562, 0.030551668256521225, 3.106656789779663, 0.7011892199516296], [-0.00858297385275364, 0.3821144998073578, 0.018789367750287056, 3.002333402633667, 0.6385160684585571]]
[Renderer] packed.nbytes: 960000 shape: (48000, 5) dtype: float32
[Renderer] packed first 5: [[0.00025022492627613246, 0.3795439302921295, 0.025878801941871643, 3.031532049179077, 0.7058684229850769], [-0.005543108563870192, 0.38277459144592285, 0.02426099218428135, 2.911830425262451, 0.6221247911453247], [-0.00037576397880911827, 0.38190338015556335, 0.018528740853071213, 3.090472936630249, 0.6500474214553833], [0.0006276813219301403, 0.3793146014213562, 0.030551668256521225, 3.106656789779663, 0.7011892199516296], [-0.00858297385275364, 0.3821144998073578, 0.018789367750287056, 3.002333402633667, 0.6385160684585571]]
[Renderer] debug particle render failed: 'in_size'
[ParticleEngine] updated first 5 positions: [[-0.00042187594226561487, 0.3803876042366028, 2.870417802114389e-06], [-0.005194217432290316, 0.38354578614234924, 0.003120282432064414], [-0.0021684239618480206, 0.3824247121810913, -0.005683642812073231], [0.0008760709897615016, 0.38046330213546753, 0.005330219864845276], [-0.008677384816110134, 0.38197463750839233, 0.023163387551903725]]
[ParticleEngine] interleaved (first 5): [[-0.00042187594226561487, 0.3803876042366028, 2.870417802114389e-06, 3.014204978942871, 0.7220500707626343], [-0.005194217432290316, 0.38354578614234924, 0.003120282432064414, 2.94024920463562, 0.622344970703125], [-0.0021684239618480206, 0.3824247121810913, -0.005683642812073231, 3.0811076164245605, 0.6446355581283569], [0.0008760709897615016, 0.38046330213546753, 0.005330219864845276, 3.101452350616455, 0.7184337973594666], [-0.008677384816110134, 0.38197463750839233, 0.023163387551903725, 2.9908995628356934, 0.6319351196289062]]
[Renderer] packed.nbytes: 960000 shape: (48000, 5) dtype: float32
[Renderer] packed first 5: [[-0.00042187594226561487, 0.3803876042366028, 2.870417802114389e-06, 3.014204978942871, 0.7220500707626343], [-0.005194217432290316, 0.38354578614234924, 0.003120282432064414, 2.94024920463562, 0.622344970703125], [-0.0021684239618480206, 0.3824247121810913, -0.005683642812073231, 3.0811076164245605, 0.6446355581283569], [0.0008760709897615016, 0.38046330213546753, 0.005330219864845276, 3.101452350616455, 0.7184337973594666], [-0.008677384816110134, 0.38197463750839233, 0.023163387551903725, 2.9908995628356934, 0.6319351196289062]]
[Renderer] debug particle render failed: 'in_size'
[ParticleEngine] updated first 5 positions: [[-0.0009091247338801622, 0.38035210967063904, -0.0006450853543356061], [-0.005782075226306915, 0.3835447132587433, 0.0026050894521176815], [-0.000499080226290971, 0.3825385272502899, -0.005982334725558758], [0.00040779600385576487, 0.3804379999637604, 0.004370429087430239], [-0.00941526424139738, 0.3827500343322754, -0.001490353955887258]]
[ParticleEngine] interleaved (first 5): [[-0.0009091247338801622, 0.38035210967063904, -0.0006450853543356061, 3.0216543674468994, 0.7366884350776672], [-0.005782075226306915, 0.3835447132587433, 0.0026050894521176815, 2.9610443115234375, 0.6252501606941223], [-0.000499080226290971, 0.3825385272502899, -0.005982334725558758, 3.1000919342041016, 0.6270419359207153], [0.00040779600385576487, 0.3804379999637604, 0.004370429087430239, 3.1089158058166504, 0.7334861755371094], [-0.00941526424139738, 0.3827500343322754, -0.001490353955887258, 3.015350103378296, 0.6289556622505188]]
[Renderer] packed.nbytes: 960000 shape: (48000, 5) dtype: float32
[Renderer] packed first 5: [[-0.0009091247338801622, 0.38035210967063904, -0.0006450853543356061, 3.0216543674468994, 0.7366884350776672], [-0.005782075226306915, 0.3835447132587433, 0.0026050894521176815, 2.9610443115234375, 0.6252501606941223], [-0.000499080226290971, 0.3825385272502899, -0.005982334725558758, 3.1000919342041016, 0.6270419359207153], [0.00040779600385576487, 0.3804379999637604, 0.004370429087430239, 3.1089158058166504, 0.7334861755371094], [-0.00941526424139738, 0.3827500343322754, -0.001490353955887258, 3.015350103378296, 0.6289556622505188]]
[Renderer] debug particle render failed: 'in_size'
[ParticleEngine] updated first 5 positions: [[0.0046686637215316296, 0.3802874982357025, -0.0022028149105608463], [-0.005015453323721886, 0.3835580348968506, 0.0013817701255902648], [0.003060502465814352, 0.3826135993003845, -0.007017143536359072], [0.005854611285030842, 0.380376398563385, 0.002300548367202282], [-0.008825844153761864, 0.38284602761268616, -0.00227259355597198]]
[ParticleEngine] interleaved (first 5): [[0.0046686637215316296, 0.3802874982357025, -0.0022028149105608463, 3.0468533039093018, 0.7391964793205261], [-0.005015453323721886, 0.3835580348968506, 0.0013817701255902648, 2.9656057357788086, 0.6212059259414673], [0.003060502465814352, 0.3826135993003845, -0.007017143536359072, 3.103389263153076, 0.6319950819015503], [0.005854611285030842, 0.380376398563385, 0.002300548367202282, 3.1265525817871094, 0.7311368584632874], [-0.008825844153761864, 0.38284602761268616, -0.00227259355597198, 3.0268242359161377, 0.6202388405799866]]
[Renderer] packed.nbytes: 960000 shape: (48000, 5) dtype: float32
[Renderer] packed first 5: [[0.0046686637215316296, 0.3802874982357025, -0.0022028149105608463, 3.0468533039093018, 0.7391964793205261], [-0.005015453323721886, 0.3835580348968506, 0.0013817701255902648, 2.9656057357788086, 0.6212059259414673], [0.003060502465814352, 0.3826135993003845, -0.007017143536359072, 3.103389263153076, 0.6319950819015503], [0.005854611285030842, 0.380376398563385, 0.002300548367202282, 3.1265525817871094, 0.7311368584632874], [-0.008825844153761864, 0.38284602761268616, -0.00227259355597198, 3.0268242359161377, 0.6202388405799866]]
[Renderer] debug particle render failed: 'in_size'
[ParticleEngine] updated first 5 positions: [[0.004502748139202595, 0.38023602962493896, -0.00487402593716979], [-0.001098734443075955, 0.3835799992084503, -0.0008897350635379553], [0.002927670953795314, 0.3826712369918823, -0.008929205127060413], [0.005770399235188961, 0.38035160303115845, -0.0009058213327080011], [-0.004896800499409437, 0.3829806447029114, -0.00391716742888093]]
[ParticleEngine] interleaved (first 5): [[0.004502748139202595, 0.38023602962493896, -0.00487402593716979, 3.035501718521118, 0.748574435710907], [-0.001098734443075955, 0.3835799992084503, -0.0008897350635379553, 2.9615185260772705, 0.625627875328064], [0.002927670953795314, 0.3826712369918823, -0.008929205127060413, 3.120535135269165, 0.6282351016998291], [0.005770399235188961, 0.38035160303115845, -0.0009058213327080011, 3.1297197341918945, 0.7406218647956848], [-0.004896800499409437, 0.3829806447029114, -0.00391716742888093, 2.997920036315918, 0.6275411248207092]]
[Renderer] packed.nbytes: 960000 shape: (48000, 5) dtype: float32
[Renderer] packed first 5: [[0.004502748139202595, 0.38023602962493896, -0.00487402593716979, 3.035501718521118, 0.748574435710907], [-0.001098734443075955, 0.3835799992084503, -0.0008897350635379553, 2.9615185260772705, 0.625627875328064], [0.002927670953795314, 0.3826712369918823, -0.008929205127060413, 3.120535135269165, 0.6282351016998291], [0.005770399235188961, 0.38035160303115845, -0.0009058213327080011, 3.1297197341918945, 0.7406218647956848], [-0.004896800499409437, 0.3829806447029114, -0.00391716742888093, 2.997920036315918, 0.6275411248207092]]
[Renderer] debug particle render failed: 'in_size'
[ParticleEngine] updated first 5 positions: [[0.0037662815302610397, 0.37825807929039, 0.03886094316840172], [-0.0015162307536229491, 0.3835406005382538, -0.004082131665199995], [0.004458227194845676, 0.3813531994819641, 0.03380875661969185], [0.001634353306144476, 0.37819087505340576, 0.04059901088476181], [-0.005394585430622101, 0.3830077052116394, -0.006519597955048084]]
[ParticleEngine] interleaved (first 5): [[0.0037662815302610397, 0.37825807929039, 0.03886094316840172, 3.0201783180236816, 0.7531260251998901], [-0.0015162307536229491, 0.3835406005382538, -0.004082131665199995, 2.9914231300354004, 0.626589298248291], [0.004458227194845676, 0.3813531994819641, 0.03380875661969185, 3.1362016201019287, 0.6210074424743652], [0.001634353306144476, 0.37819087505340576, 0.04059901088476181, 3.1331706047058105, 0.7477394342422485], [-0.005394585430622101, 0.3830077052116394, -0.006519597955048084, 2.992366075515747, 0.6239026188850403]]
[Renderer] packed.nbytes: 960000 shape: (48000, 5) dtype: float32
[Renderer] packed first 5: [[0.0037662815302610397, 0.37825807929039, 0.03886094316840172, 3.0201783180236816, 0.7531260251998901], [-0.0015162307536229491, 0.3835406005382538, -0.004082131665199995, 2.9914231300354004, 0.626589298248291], [0.004458227194845676, 0.3813531994819641, 0.03380875661969185, 3.1362016201019287, 0.6210074424743652], [0.001634353306144476, 0.37819087505340576, 0.04059901088476181, 3.1331706047058105, 0.7477394342422485], [-0.005394585430622101, 0.3830077052116394, -0.006519597955048084, 2.992366075515747, 0.6239026188850403]]
[Renderer] debug particle render failed: 'in_size'
[ParticleEngine] updated first 5 positions: [[0.0003351038903929293, 0.3793606162071228, 0.025894485414028168], [-0.005149657838046551, 0.3825441598892212, 0.027163652703166008], [-0.0002536754764150828, 0.38239359855651855, 0.020726563408970833], [0.0011278989259153605, 0.3792528212070465, 0.028722085058689117], [-0.006272704806178808, 0.3823239803314209, 0.024540437385439873]]
[ParticleEngine] interleaved (first 5): [[0.0003351038903929293, 0.3793606162071228, 0.025894485414028168, 3.0475523471832275, 0.7673713564872742], [-0.005149657838046551, 0.3825441598892212, 0.027163652703166008, 2.98063588142395, 0.6287828683853149], [-0.0002536754764150828, 0.38239359855651855, 0.020726563408970833, 3.1321024894714355, 0.623650074005127], [0.0011278989259153605, 0.3792528212070465, 0.028722085058689117, 3.1363415718078613, 0.7625535130500793], [-0.006272704806178808, 0.3823239803314209, 0.024540437385439873, 2.9986319541931152, 0.6170445680618286]]
[Renderer] packed.nbytes: 960000 shape: (48000, 5) dtype: float32
[Renderer] packed first 5: [[0.0003351038903929293, 0.3793606162071228, 0.025894485414028168, 3.0475523471832275, 0.7673713564872742], [-0.005149657838046551, 0.3825441598892212, 0.027163652703166008, 2.98063588142395, 0.6287828683853149], [-0.0002536754764150828, 0.38239359855651855, 0.020726563408970833, 3.1321024894714355, 0.623650074005127], [0.0011278989259153605, 0.3792528212070465, 0.028722085058689117, 3.1363415718078613, 0.7625535130500793], [-0.006272704806178808, 0.3823239803314209, 0.024540437385439873, 2.9986319541931152, 0.6170445680618286]]
[Renderer] debug particle render failed: 'in_size'
[ParticleEngine] updated first 5 positions: [[-0.0012307328870519996, 0.37972813844680786, 0.019311048090457916], [-0.006420894060283899, 0.3828516900539398, 0.021570026874542236], [-0.002411027904599905, 0.3827436864376068, 0.01452470663934946], [0.001818826305679977, 0.37965384125709534, 0.022356634959578514], [-0.009448629803955555, 0.3826144337654114, 0.019250094890594482]]
[ParticleEngine] interleaved (first 5): [[-0.0012307328870519996, 0.37972813844680786, 0.019311048090457916, 3.042358636856079, 0.7837965488433838], [-0.006420894060283899, 0.3828516900539398, 0.021570026874542236, 2.9527335166931152, 0.6459040641784668], [-0.002411027904599905, 0.3827436864376068, 0.01452470663934946, 3.1510186195373535, 0.6369622349739075], [0.001818826305679977, 0.37965384125709534, 0.022356634959578514, 3.133171796798706, 0.7669528722763062], [-0.009448629803955555, 0.3826144337654114, 0.019250094890594482, 3.005980968475342, 0.6265203952789307]]
[Renderer] packed.nbytes: 960000 shape: (48000, 5) dtype: float32
[Renderer] packed first 5: [[-0.0012307328870519996, 0.37972813844680786, 0.019311048090457916, 3.042358636856079, 0.7837965488433838], [-0.006420894060283899, 0.3828516900539398, 0.021570026874542236, 2.9527335166931152, 0.6459040641784668], [-0.002411027904599905, 0.3827436864376068, 0.01452470663934946, 3.1510186195373535, 0.6369622349739075], [0.001818826305679977, 0.37965384125709534, 0.022356634959578514, 3.133171796798706, 0.7669528722763062], [-0.009448629803955555, 0.3826144337654114, 0.019250094890594482, 3.005980968475342, 0.6265203952789307]]
[Renderer] debug particle render failed: 'in_size'
[ParticleEngine] updated first 5 positions: [[-0.00022763232118450105, 0.37999457120895386, 0.012477898970246315], [-0.005519900470972061, 0.38312169909477234, 0.015576743520796299], [-0.0014311781851574779, 0.38300755620002747, 0.007836539298295975], [0.0008552106446586549, 0.37995627522468567, 0.01597578637301922], [-0.011376302689313889, 0.3828605115413666, 0.013276993297040462]]
[ParticleEngine] interleaved (first 5): [[-0.00022763232118450105, 0.37999457120895386, 0.012477898970246315, 3.037670135498047, 0.782369077205658], [-0.005519900470972061, 0.38312169909477234, 0.015576743520796299, 2.941962480545044, 0.6506896615028381], [-0.0014311781851574779, 0.38300755620002747, 0.007836539298295975, 3.1285831928253174, 0.6318091154098511], [0.0008552106446586549, 0.37995627522468567, 0.01597578637301922, 3.1068413257598877, 0.7803435921669006], [-0.011376302689313889, 0.3828605115413666, 0.013276993297040462, 3.035248041152954, 0.6434084177017212]]
[Renderer] packed.nbytes: 960000 shape: (48000, 5) dtype: float32
[Renderer] packed first 5: [[-0.00022763232118450105, 0.37999457120895386, 0.012477898970246315, 3.037670135498047, 0.782369077205658], [-0.005519900470972061, 0.38312169909477234, 0.015576743520796299, 2.941962480545044, 0.6506896615028381], [-0.0014311781851574779, 0.38300755620002747, 0.007836539298295975, 3.1285831928253174, 0.6318091154098511], [0.0008552106446586549, 0.37995627522468567, 0.01597578637301922, 3.1068413257598877, 0.7803435921669006], [-0.011376302689313889, 0.3828605115413666, 0.013276993297040462, 3.035248041152954, 0.6434084177017212]]
[Renderer] debug particle render failed: 'in_size'
[ParticleEngine] updated first 5 positions: [[-0.001720655825920403, 0.38012710213661194, 0.0060432832688093185], [-0.006618240382522345, 0.38325589895248413, 0.00979990977793932], [-0.0028890161775052547, 0.3831329047679901, 0.0012907864293083549], [-0.0008003437542356551, 0.3801341652870178, 0.010185946710407734], [-0.009905668906867504, 0.38309988379478455, 0.0072448961436748505]]
[ParticleEngine] interleaved (first 5): [[-0.001720655825920403, 0.38012710213661194, 0.0060432832688093185, 3.016509771347046, 0.7952474355697632], [-0.006618240382522345, 0.38325589895248413, 0.00979990977793932, 2.9683523178100586, 0.6694653034210205], [-0.0028890161775052547, 0.3831329047679901, 0.0012907864293083549, 3.131007194519043, 0.6441224217414856], [-0.0008003437542356551, 0.3801341652870178, 0.010185946710407734, 3.098759889602661, 0.7965131998062134], [-0.009905668906867504, 0.38309988379478455, 0.0072448961436748505, 3.023912191390991, 0.6401762366294861]]
[Renderer] packed.nbytes: 960000 shape: (48000, 5) dtype: float32
[Renderer] packed first 5: [[-0.001720655825920403, 0.38012710213661194, 0.0060432832688093185, 3.016509771347046, 0.7952474355697632], [-0.006618240382522345, 0.38325589895248413, 0.00979990977793932, 2.9683523178100586, 0.6694653034210205], [-0.0028890161775052547, 0.3831329047679901, 0.0012907864293083549, 3.131007194519043, 0.6441224217414856], [-0.0008003437542356551, 0.3801341652870178, 0.010185946710407734, 3.098759889602661, 0.7965131998062134], [-0.009905668906867504, 0.38309988379478455, 0.0072448961436748505, 3.023912191390991, 0.6401762366294861]]
[Renderer] debug particle render failed: 'in_size'
[ParticleEngine] updated first 5 positions: [[-0.003513300558552146, 0.38014253973960876, 0.0004750444495584816], [-0.008163201622664928, 0.38327836990356445, 0.004699117969721556], [-0.00469871936365962, 0.383137047290802, -0.004598571918904781], [-0.002671385183930397, 0.3802036643028259, 0.005364451091736555], [-0.011318378150463104, 0.3831546902656555, 0.0016617211513221264]]
[ParticleEngine] interleaved (first 5): [[-0.003513300558552146, 0.38014253973960876, 0.0004750444495584816, 3.0284698009490967, 0.8084765076637268], [-0.008163201622664928, 0.38327836990356445, 0.004699117969721556, 2.9397647380828857, 0.6920594573020935], [-0.00469871936365962, 0.383137047290802, -0.004598571918904781, 3.121300458908081, 0.660673975944519], [-0.002671385183930397, 0.3802036643028259, 0.005364451091736555, 3.0974154472351074, 0.8122944831848145], [-0.011318378150463104, 0.3831546902656555, 0.0016617211513221264, 3.0325496196746826, 0.6571534872055054]]
[Renderer] packed.nbytes: 960000 shape: (48000, 5) dtype: float32
[Renderer] packed first 5: [[-0.003513300558552146, 0.38014253973960876, 0.0004750444495584816, 3.0284698009490967, 0.8084765076637268], [-0.008163201622664928, 0.38327836990356445, 0.004699117969721556, 2.9397647380828857, 0.6920594573020935], [-0.00469871936365962, 0.383137047290802, -0.004598571918904781, 3.121300458908081, 0.660673975944519], [-0.002671385183930397, 0.3802036643028259, 0.005364451091736555, 3.0974154472351074, 0.8122944831848145], [-0.011318378150463104, 0.3831546902656555, 0.0016617211513221264, 3.0325496196746826, 0.6571534872055054]]
[Renderer] debug particle render failed: 'in_size'
[ParticleEngine] updated first 5 positions: [[-0.008859338238835335, 0.3800148069858551, -0.0040085287764668465], [-0.009924852289259434, 0.3832169473171234, 0.0005257198354229331], [-0.011409264989197254, 0.38294517993927, -0.009509893134236336], [-0.006598948035389185, 0.38017040491104126, 0.0016118506900966167], [-0.01306574884802103, 0.3831116557121277, -0.003111473983153701]]
[ParticleEngine] interleaved (first 5): [[-0.008859338238835335, 0.3800148069858551, -0.0040085287764668465, 3.0340383052825928, 0.8433825373649597], [-0.009924852289259434, 0.3832169473171234, 0.0005257198354229331, 2.9680333137512207, 0.7166857123374939], [-0.011409264989197254, 0.38294517993927, -0.009509893134236336, 3.11277437210083, 0.7115647196769714], [-0.006598948035389185, 0.38017040491104126, 0.0016118506900966167, 3.086857318878174, 0.8396778106689453], [-0.01306574884802103, 0.3831116557121277, -0.003111473983153701, 3.034135103225708, 0.6778444051742554]]
[Renderer] packed.nbytes: 960000 shape: (48000, 5) dtype: float32
[Renderer] packed first 5: [[-0.008859338238835335, 0.3800148069858551, -0.0040085287764668465, 3.0340383052825928, 0.8433825373649597], [-0.009924852289259434, 0.3832169473171234, 0.0005257198354229331, 2.9680333137512207, 0.7166857123374939], [-0.011409264989197254, 0.38294517993927, -0.009509893134236336, 3.11277437210083, 0.7115647196769714], [-0.006598948035389185, 0.38017040491104126, 0.0016118506900966167, 3.086857318878174, 0.8396778106689453], [-0.01306574884802103, 0.3831116557121277, -0.003111473983153701, 3.034135103225708, 0.6778444051742554]]
[Renderer] debug particle render failed: 'in_size'
[ParticleEngine] updated first 5 positions: [[-0.005089364014565945, 0.38001129031181335, -0.007487527560442686], [-0.01003660075366497, 0.38315269351005554, -0.0027275944594293833], [-0.007551649119704962, 0.38295620679855347, -0.013403943739831448], [-0.0027516011614352465, 0.3801020681858063, -0.008694605901837349], [-0.018069665879011154, 0.38287225365638733, -0.0069436863996088505]]
[ParticleEngine] interleaved (first 5): [[-0.005089364014565945, 0.38001129031181335, -0.007487527560442686, 3.029754638671875, 0.8167870044708252], [-0.01003660075366497, 0.38315269351005554, -0.0027275944594293833, 2.9940428733825684, 0.7306634783744812], [-0.007551649119704962, 0.38295620679855347, -0.013403943739831448, 3.130277395248413, 0.694236695766449], [-0.0027516011614352465, 0.3801020681858063, -0.008694605901837349, 3.0842103958129883, 0.8161854147911072], [-0.018069665879011154, 0.38287225365638733, -0.0069436863996088505, 3.009624481201172, 0.7214754223823547]]
[Renderer] packed.nbytes: 960000 shape: (48000, 5) dtype: float32
[Renderer] packed first 5: [[-0.005089364014565945, 0.38001129031181335, -0.007487527560442686, 3.029754638671875, 0.8167870044708252], [-0.01003660075366497, 0.38315269351005554, -0.0027275944594293833, 2.9940428733825684, 0.7306634783744812], [-0.007551649119704962, 0.38295620679855347, -0.013403943739831448, 3.130277395248413, 0.694236695766449], [-0.0027516011614352465, 0.3801020681858063, -0.008694605901837349, 3.0842103958129883, 0.8161854147911072], [-0.018069665879011154, 0.38287225365638733, -0.0069436863996088505, 3.009624481201172, 0.7214754223823547]]
[Renderer] debug particle render failed: 'in_size'
[ParticleEngine] updated first 5 positions: [[-0.02403860352933407, 0.3792206346988678, -0.009416408836841583], [-0.010009335353970528, 0.3830471634864807, -0.006824079900979996], [-0.007248227018862963, 0.38299018144607544, -0.013300190679728985], [-0.022041792050004005, 0.3795168995857239, -0.005179931875318289], [-0.014506247825920582, 0.3829554319381714, -0.010305840522050858]]
[ParticleEngine] interleaved (first 5): [[-0.02403860352933407, 0.3792206346988678, -0.009416408836841583, 3.0359113216400146, 0.9387443661689758], [-0.010009335353970528, 0.3830471634864807, -0.006824079900979996, 3.0090537071228027, 0.7440199255943298], [-0.007248227018862963, 0.38299018144607544, -0.013300190679728985, 3.15441632270813, 0.7027525305747986], [-0.022041792050004005, 0.3795168995857239, -0.005179931875318289, 3.0889008045196533, 0.9402893781661987], [-0.014506247825920582, 0.3829554319381714, -0.010305840522050858, 3.029735565185547, 0.7090513110160828]]
[Renderer] packed.nbytes: 960000 shape: (48000, 5) dtype: float32
[Renderer] packed first 5: [[-0.02403860352933407, 0.3792206346988678, -0.009416408836841583, 3.0359113216400146, 0.9387443661689758], [-0.010009335353970528, 0.3830471634864807, -0.006824079900979996, 3.0090537071228027, 0.7440199255943298], [-0.007248227018862963, 0.38299018144607544, -0.013300190679728985, 3.15441632270813, 0.7027525305747986], [-0.022041792050004005, 0.3795168995857239, -0.005179931875318289, 3.0889008045196533, 0.9402893781661987], [-0.014506247825920582, 0.3829554319381714, -0.010305840522050858, 3.029735565185547, 0.7090513110160828]]
[Renderer] debug particle render failed: 'in_size'
[ParticleEngine] updated first 5 positions: [[-0.022808901965618134, 0.3793315589427948, -0.006753772962838411], [-0.02804494835436344, 0.3821301758289337, -0.004188618157058954], [-0.024485642090439796, 0.3823707699775696, -0.010825816541910172], [-0.021261215209960938, 0.37956783175468445, -0.002558498876169324], [-0.03232300654053688, 0.381926566362381, -0.007703455630689859]]
[ParticleEngine] interleaved (first 5): [[-0.022808901965618134, 0.3793315589427948, -0.006753772962838411, 3.0100607872009277, 0.9257571697235107], [-0.02804494835436344, 0.3821301758289337, -0.004188618157058954, 3.014024257659912, 0.8765163421630859], [-0.024485642090439796, 0.3823707699775696, -0.010825816541910172, 3.1600561141967773, 0.8308475613594055], [-0.021261215209960938, 0.37956783175468445, -0.002558498876169324, 3.0891287326812744, 0.9299396872520447], [-0.03232300654053688, 0.381926566362381, -0.007703455630689859, 3.0048880577087402, 0.840822696685791]]
[Renderer] packed.nbytes: 960000 shape: (48000, 5) dtype: float32
[Renderer] packed first 5: [[-0.022808901965618134, 0.3793315589427948, -0.006753772962838411, 3.0100607872009277, 0.9257571697235107], [-0.02804494835436344, 0.3821301758289337, -0.004188618157058954, 3.014024257659912, 0.8765163421630859], [-0.024485642090439796, 0.3823707699775696, -0.010825816541910172, 3.1600561141967773, 0.8308475613594055], [-0.021261215209960938, 0.37956783175468445, -0.002558498876169324, 3.0891287326812744, 0.9299396872520447], [-0.03232300654053688, 0.381926566362381, -0.007703455630689859, 3.0048880577087402, 0.840822696685791]]
[Renderer] debug particle render failed: 'in_size'
[ParticleEngine] updated first 5 positions: [[-0.021501943469047546, 0.37941065430641174, -0.005094675347208977], [-0.026784541085362434, 0.38217541575431824, -0.0024519399739801884], [-0.02283378876745701, 0.3825242519378662, -0.009265421889722347], [-0.020260868594050407, 0.37960880994796753, -0.0009688783902674913], [-0.03070683591067791, 0.38208645582199097, -0.005886428523808718]]
[ParticleEngine] interleaved (first 5): [[-0.021501943469047546, 0.37941065430641174, -0.005094675347208977, 3.014115571975708, 0.9105880260467529], [-0.026784541085362434, 0.38217541575431824, -0.0024519399739801884, 3.0313644409179688, 0.8798995614051819], [-0.02283378876745701, 0.3825242519378662, -0.009265421889722347, 3.1599721908569336, 0.8325582146644592], [-0.020260868594050407, 0.37960880994796753, -0.0009688783902674913, 3.08766770362854, 0.9170244932174683], [-0.03070683591067791, 0.38208645582199097, -0.005886428523808718, 3.029648780822754, 0.842860996723175]]
[Renderer] packed.nbytes: 960000 shape: (48000, 5) dtype: float32
[Renderer] packed first 5: [[-0.021501943469047546, 0.37941065430641174, -0.005094675347208977, 3.014115571975708, 0.9105880260467529], [-0.026784541085362434, 0.38217541575431824, -0.0024519399739801884, 3.0313644409179688, 0.8798995614051819], [-0.02283378876745701, 0.3825242519378662, -0.009265421889722347, 3.1599721908569336, 0.8325582146644592], [-0.020260868594050407, 0.37960880994796753, -0.0009688783902674913, 3.08766770362854, 0.9170244932174683], [-0.03070683591067791, 0.38208645582199097, -0.005886428523808718, 3.029648780822754, 0.842860996723175]]
[Renderer] debug particle render failed: 'in_size'
PS C:\Users\mh973\OneDrive\Pictures\Documents\Dell\OneDrive\Documents\Desktop\ULTRON> 